[
  {
    "person_id": "1MV23AI006",
    "embedding": [
      0.002220354275777936,
      -0.027532627806067467,
      -0.04829169809818268,
      -0.0174997728317976,
      0.01197514496743679,
      -0.0693727433681488,
      0.0778474286198616,
      0.032993704080581665,
      -0.008851655758917332,
      0.02101980336010456,
      0.026380812749266624,
      -0.0044914735481143,
      0.07850492745637894,
      -0.030023466795682907,
      0.039106473326683044,
      -0.006052367389202118,
      -0.033843643963336945,
      0.058190397918224335,
      0.0067076366394758224,
      0.08912649005651474,
      0.0260897446423769,
      0.0316089428961277,
      -0.026808451861143112,
      -0.06733837723731995,
      0.03544992581009865,
      -0.049179647117853165,
      -0.023524416610598564,
      -0.0597294420003891,
      0.033333729952573776,
      -0.04717710614204407,
      0.005487397313117981,
      0.0065636103972792625,
      -0.03044901229441166,
      0.012909527868032455,
      0.052116189152002335,
      -0.014554633758962154,
      -0.04456410929560661,
      0.019074827432632446,
      -7.281169382622465e-05,
      0.005766522604972124,
      -0.005309996195137501,
      0.014140711165964603,
      -0.02310832031071186,
      -0.026335734874010086,
      -0.07668871432542801,
      0.06551729887723923,
      -0.05874393507838249,
      -0.0429251603782177,
      -0.006063586566597223,
      -0.006550109013915062,
      -0.0007475013262592256,
      -0.06418150663375854,
      -0.03236491233110428,
      0.03616004437208176,
      -0.03258911147713661,
      -0.05913770571351051,
      0.03174171224236488,
      0.005582911893725395,
      -0.08013267815113068,
      -0.020982027053833008,
      0.018954969942569733,
      0.05667822062969208,
      -0.026064448058605194,
      0.00773601746186614,
      0.000182584990398027,
      -0.06812003999948502,
      -0.025562282651662827,
      -0.12661844491958618,
      0.0037270046304911375,
      -0.0005594749236479402,
      -0.07001537084579468,
      0.006621835753321648,
      -0.05919412896037102,
      -0.09195168316364288,
      0.09753748774528503,
      -0.01613481715321541,
      0.0026519917882978916,
      0.010903055779635906,
      0.012465178035199642,
      -0.029473157599568367,
      -0.038771238178014755,
      -0.02889709733426571,
      -0.038597412407398224,
      -0.13632068037986755,
      0.0116741843521595,
      0.019892917945981026,
      0.026174576953053474,
      0.043196067214012146,
      -0.06466630101203918,
      0.060702238231897354,
      -0.0044050863943994045,
      -0.05765435844659805,
      -0.016523858532309532,
      -0.011337324045598507,
      0.0030363453552126884,
      -0.04681355133652687,
      0.05673134699463844,
      -0.0470842644572258,
      -0.09483319520950317,
      0.0507257804274559,
      -0.04060888662934303,
      -0.022798050194978714,
      0.08338362723588943,
      0.035613588988780975,
      -0.019211042672395706,
      -0.0843692496418953,
      -0.011818500235676765,
      0.044558074325323105,
      -0.0012016352266073227,
      0.10502943396568298,
      -0.05909934639930725,
      -0.015802573412656784,
      0.023474156856536865,
      -0.0630444884300232,
      -0.0409536138176918,
      -0.07284236699342728,
      -0.045048899948596954,
      0.06932611763477325,
      -0.07174254208803177,
      0.040913503617048264,
      -0.017513923346996307,
      -0.0328904390335083,
      -0.04678026959300041,
      0.04293007776141167,
      -0.011942390352487564,
      0.011022701859474182,
      0.024963146075606346,
      -0.07901699841022491,
      -0.06154853478074074,
      0.0045093270018696785,
      0.032341085374355316,
      -0.0443987101316452,
      0.011937584728002548,
      -0.016666267067193985,
      0.06324122846126556,
      0.05382481962442398,
      0.1258348822593689,
      0.06799443811178207,
      -0.038164172321558,
      -0.023650940507650375,
      0.042760610580444336,
      0.020500723272562027,
      0.0019913192372769117,
      0.08115929365158081,
      -0.010308575816452503,
      0.03210243210196495,
      -0.0008544498705305159,
      0.018685651943087578,
      -0.012278325855731964,
      -0.005671871360391378,
      -0.01960422284901142,
      -0.0352000929415226,
      -0.052108269184827805,
      -0.01819543167948723,
      0.07504875957965851,
      -0.07338060438632965,
      -0.012536362744867802,
      0.1013338714838028,
      -0.025752194225788116,
      0.10281626135110855,
      -0.034436218440532684,
      -0.02510037273168564,
      -0.03862328827381134,
      0.04861315339803696,
      -0.02929414063692093,
      0.04173929616808891,
      -0.026609694585204124,
      -0.05696646496653557,
      0.05072604864835739,
      -0.021894684061408043,
      -0.015701984986662865,
      0.0027878598775714636,
      0.0635116696357727,
      -0.014362270943820477,
      -0.015404987148940563,
      -0.026147669181227684,
      -0.009598528034985065,
      -0.024134278297424316,
      -0.07824904471635818,
      0.02391405962407589,
      0.0011325676459819078,
      -0.024132907390594482,
      0.024641357362270355,
      0.025232499465346336,
      0.062337975949048996,
      0.04792450740933418,
      0.09746328741312027,
      -0.09109029173851013,
      -0.04111234471201897,
      -0.029407411813735962,
      -0.045538656413555145,
      0.022496305406093597,
      0.04766327887773514,
      0.0018349477322772145,
      -0.0024478991981595755,
      0.01099795289337635,
      -0.06517729163169861,
      -0.04102079197764397,
      0.06881053745746613,
      -0.060940492898225784,
      0.060625120997428894,
      0.013639788143336773,
      -0.030006591230630875,
      -0.05690978839993477,
      -0.032736293971538544,
      0.0009759542881511152,
      -0.05351927876472473,
      -0.006329596973955631,
      0.024082234129309654,
      0.03475085645914078,
      -0.02957402914762497,
      -0.04106396436691284,
      -0.040802258998155594,
      -0.09105893224477768,
      -0.027042817324399948,
      -0.0005854943883605301,
      0.033497154712677,
      -0.025981055572628975,
      0.035116590559482574,
      0.052825842052698135,
      0.06825602054595947,
      0.06000744178891182,
      -0.019593726843595505,
      0.052602339535951614,
      0.047337014228105545,
      -0.04632643982768059,
      0.02135525643825531,
      -0.03864346072077751,
      -0.04299696907401085,
      -0.004569535609334707,
      -0.07428529113531113,
      0.039188094437122345,
      0.02200857177376747,
      -0.07487791031599045,
      -0.019345654174685478,
      0.10218323767185211,
      -0.007107310928404331,
      0.014108777046203613,
      0.015309913083910942,
      0.03130488470196724,
      -0.03595709055662155,
      -0.04045996069908142,
      -0.07622106373310089,
      0.028268778696656227,
      -0.03257997706532478,
      0.01755375973880291,
      -0.011990126222372055,
      -0.044152140617370605,
      0.031107263639569283,
      0.03818708285689354,
      0.014029261656105518,
      0.04460790008306503,
      -0.007270474918186665,
      -0.01920597441494465,
      0.002874562982469797,
      0.04418795928359032,
      -0.024940205737948418,
      0.013406681828200817,
      -0.015617082826793194,
      0.009441113099455833,
      -0.021701723337173462,
      0.029271364212036133,
      -0.05562509596347809,
      0.03752618655562401,
      0.03286963701248169,
      -0.014453650452196598,
      -0.06397774070501328,
      0.012558759190142155,
      -0.047456007450819016,
      -0.029811454936861992,
      0.02085554040968418,
      -0.019525980576872826,
      -0.02913142926990986,
      -0.017714552581310272,
      0.06072641909122467,
      0.052601199597120285,
      -0.019696757197380066,
      -0.1138150542974472,
      -0.03369070589542389,
      0.0754040852189064,
      3.7647518183803186e-05,
      0.002528024837374687,
      -0.053869765251874924,
      -0.008887657895684242,
      -0.01669016107916832,
      -0.01288395281881094,
      -0.008394698612391949,
      -0.011681575328111649,
      -0.03181605041027069,
      0.04213270545005798,
      -0.011986088007688522,
      -0.05260620266199112,
      0.03989871218800545,
      0.0226912721991539,
      0.016138365492224693,
      -0.029672233387827873,
      0.009912235662341118,
      -0.0294732004404068,
      -0.03947538509964943,
      -0.00503940973430872,
      0.0026995090302079916,
      0.05104050785303116,
      0.03450264781713486,
      -0.007714970503002405,
      -0.02413039468228817,
      -0.027958154678344727,
      0.03584959730505943,
      0.005881347693502903,
      -0.02147648110985756,
      -0.07131519168615341,
      -0.012591949664056301,
      0.04413916915655136,
      0.01574978418648243,
      0.004271341487765312,
      0.04313181713223457,
      -0.01661878637969494,
      0.035824064165353775,
      -0.06743030995130539,
      -0.04151638224720955,
      -0.09019552916288376,
      -0.042114563286304474,
      -0.04361522197723389,
      -0.021927369758486748,
      0.005225890316069126,
      -0.025792965665459633,
      -0.005947615951299667,
      -0.02976614609360695,
      -0.010301253758370876,
      -0.04526190832257271,
      -0.009720861911773682,
      -0.06410021334886551,
      0.03835522383451462,
      0.006133390590548515,
      -0.020214132964611053,
      -0.0065865544602274895,
      0.07615901529788971,
      0.0244663804769516,
      -0.03974592313170433,
      -0.042261652648448944,
      0.029209963977336884,
      -0.009713413193821907,
      0.017505373805761337,
      -0.04339614138007164,
      0.03950723260641098,
      0.040074340999126434,
      0.028577839955687523,
      0.02198905684053898,
      0.0427316352725029,
      -0.06568899005651474,
      0.026405680924654007,
      -0.013484034687280655,
      0.07713039219379425,
      0.05990995466709137,
      0.051274728029966354,
      -0.009062773548066616,
      0.02289511449635029,
      0.02027239464223385,
      0.014682122506201267,
      0.0418715663254261,
      -0.014540387317538261,
      0.02690310962498188,
      0.016405541449785233,
      -0.01894616335630417,
      0.014938447624444962,
      -0.009975445456802845,
      0.07664355635643005,
      0.01702890545129776,
      0.05322127044200897,
      -0.018820688128471375,
      -0.010421653278172016,
      -0.03371678292751312,
      -0.05848461017012596,
      0.025908619165420532,
      0.05430883169174194,
      -0.05454643815755844,
      -0.06375813484191895,
      0.006775535177439451,
      0.0019428594969213009,
      -0.09776369482278824,
      -0.014635656960308552,
      0.06644190847873688,
      0.04569341614842415,
      0.0488518588244915,
      -0.007692109793424606,
      0.05160721391439438,
      -0.02545616216957569,
      -0.034311693161726,
      0.0031889183446764946,
      0.0001740891602821648,
      0.05813198536634445,
      0.03735776245594025,
      -0.04588950797915459,
      -0.08831913769245148,
      0.022551344707608223,
      -0.011070075444877148,
      -0.018536491319537163,
      -0.014226789586246014,
      0.011901761405169964,
      -0.049200646579265594,
      0.0007461007335223258,
      -0.027795858681201935,
      0.014958835206925869,
      0.02264668419957161,
      0.006040956359356642,
      -0.02223462425172329,
      0.0624358132481575,
      -0.030069153755903244,
      0.006919663865119219,
      -0.005596895702183247,
      -0.05896427482366562,
      -0.029291661456227303,
      0.025296222418546677,
      -0.01396881602704525,
      -0.030011001974344254,
      -0.05072522908449173,
      -0.01957440748810768,
      0.011452339589595795,
      -0.0007401399780064821,
      0.0006418023840524256,
      -0.05061212182044983,
      -0.019214212894439697,
      0.016517456620931625,
      -0.052447546273469925,
      0.04724828153848648,
      0.0671260803937912,
      0.028997108340263367,
      0.0378226712346077,
      -0.09253010153770447,
      0.005376231390982866,
      0.03177311271429062,
      -0.05743468180298805,
      0.0029964386485517025,
      0.025283223018050194,
      -0.04729139432311058,
      0.00684203440323472,
      0.050362806767225266,
      -0.013987243175506592,
      -0.034336525946855545,
      -0.040303971618413925,
      -0.03639328107237816,
      0.009980165399610996,
      0.03329180181026459,
      0.01749464124441147,
      -0.0006558213499374688,
      0.04276465252041817,
      -0.13166208565235138,
      0.06941520422697067,
      -0.01876094937324524,
      -0.10229580104351044,
      0.045549653470516205,
      0.010166844353079796,
      -0.049801506102085114,
      0.01170984748750925,
      0.008885601535439491,
      0.002378381323069334,
      -0.056914713233709335,
      0.0859932005405426,
      0.04710020869970322,
      -7.643678691238165e-05,
      -0.0027990792877972126,
      0.005210150498896837,
      0.12447183579206467,
      0.10159578919410706,
      -0.005322704091668129,
      0.0025039499159902334,
      0.16938820481300354,
      0.008475036360323429,
      -0.018798019737005234,
      0.04337819665670395,
      -0.055327918380498886,
      0.010185089893639088,
      -0.016046244651079178,
      -0.0031216798815876245,
      -0.016344672068953514,
      0.0033388477750122547,
      -0.02936052531003952,
      -0.06928576529026031,
      0.04181580990552902,
      0.021628357470035553,
      -0.03489357605576515,
      -0.018497193232178688,
      -0.054434824734926224,
      0.0509767010807991,
      0.008538030087947845,
      0.09352461248636246,
      0.002696904819458723,
      0.05306515470147133,
      -0.041884053498506546,
      -0.02020450495183468,
      0.023153116926550865,
      0.0027109249494969845,
      -0.08724095672369003,
      0.04328696429729462,
      0.020852504298090935,
      0.018017105758190155,
      -0.02107922174036503,
      0.025988558307290077,
      -0.006411604583263397,
      -0.019352925941348076,
      -0.020275546237826347,
      0.014464114792644978,
      -0.08479354530572891,
      0.035073310136795044,
      -0.04736020043492317,
      -0.06408772617578506,
      0.04262387380003929,
      0.042092014104127884,
      0.031418971717357635,
      0.02520098350942135,
      -0.08105950802564621,
      -0.10283519327640533,
      0.020217619836330414
    ],
    "metadata": {
      "source": "WhatsApp Image 2025-11-12 at 17.13.31_2a543747.jpg"
    }
  },
  {
    "person_id": "1MV23AI006",
    "embedding": [
      -0.015269256196916103,
      -0.028644027188420296,
      -0.04276783764362335,
      -0.0034137943293899298,
      0.00824789796024561,
      -0.07187254726886749,
      0.09055059403181076,
      -0.0011522830463945866,
      0.01018479373306036,
      0.011848253197968006,
      0.0598749965429306,
      -0.0011579087004065514,
      0.09240897744894028,
      -0.03545752912759781,
      0.02567042037844658,
      -0.009992891922593117,
      -0.026964150369167328,
      0.04105154052376747,
      0.015340332873165607,
      0.10180508345365524,
      0.02954295463860035,
      0.02873767539858818,
      -0.0220051147043705,
      -0.053520023822784424,
      0.027938008308410645,
      -0.02247639000415802,
      -0.01123526506125927,
      -0.05032193660736084,
      0.04097224399447441,
      -0.0444660559296608,
      -0.0019264847505837679,
      0.027753248810768127,
      -0.054449088871479034,
      0.029444893822073936,
      0.040795523673295975,
      -0.011809960007667542,
      -0.04733814299106598,
      0.012246652506291866,
      -0.00298887025564909,
      0.03029978834092617,
      -0.005802792496979237,
      0.0037056393921375275,
      -0.0077735865488648415,
      -0.03404521942138672,
      -0.09619803726673126,
      0.05846487730741501,
      -0.05221723020076752,
      -0.031084829941391945,
      0.011070558801293373,
      -0.006053039338439703,
      -0.0039029913023114204,
      -0.059174779802560806,
      -0.031940970569849014,
      0.03868722915649414,
      0.007052196189761162,
      -0.07307033240795135,
      0.024119583889842033,
      0.007078987546265125,
      -0.06857535243034363,
      0.007942750118672848,
      0.025411760434508324,
      0.05165445804595947,
      -0.01473214291036129,
      0.002688719192519784,
      0.037167616188526154,
      -0.060510437935590744,
      -0.04921312630176544,
      -0.13296855986118317,
      -0.027135344222187996,
      -0.012377981096506119,
      -0.0640602856874466,
      0.012755842879414558,
      -0.04424893483519554,
      -0.07403933256864548,
      0.10558750480413437,
      -0.013851351104676723,
      0.021938320249319077,
      0.0170762836933136,
      -0.007890495471656322,
      -0.04142238199710846,
      -0.05983715131878853,
      -0.03868341073393822,
      -0.04081753268837929,
      -0.1383553445339203,
      0.028172146528959274,
      0.0020097994711250067,
      0.02778054028749466,
      0.019609464332461357,
      -0.05164429917931557,
      0.044512052088975906,
      0.01644049771130085,
      -0.044249940663576126,
      -0.02681121788918972,
      0.00396193889901042,
      -0.0003457631391938776,
      -0.04210785776376724,
      0.07421474903821945,
      -0.04175978899002075,
      -0.07470443844795227,
      0.07134776562452316,
      -0.06410150974988937,
      -0.04104606807231903,
      0.07957243919372559,
      0.021156739443540573,
      -0.030308853834867477,
      -0.09157668799161911,
      -0.013803461566567421,
      0.06699271500110626,
      0.0047372253611683846,
      0.11907097697257996,
      -0.03810814768075943,
      -0.02284790761768818,
      0.03012753836810589,
      -0.03890310600399971,
      -0.05236115679144859,
      -0.07197859138250351,
      -0.06910532712936401,
      0.07262898981571198,
      -0.08012757450342178,
      0.040619414299726486,
      -0.003162176115438342,
      -0.006465536076575518,
      -0.037913236767053604,
      0.03268125653266907,
      -0.014199805445969105,
      -0.013906593434512615,
      0.013752046972513199,
      -0.07159245014190674,
      -0.0448281392455101,
      0.013310265727341175,
      0.019854260608553886,
      -0.05631622299551964,
      0.023757444694638252,
      0.020053666085004807,
      0.02477155812084675,
      0.06740070134401321,
      0.11040090769529343,
      0.059060145169496536,
      -0.038327407091856,
      -0.019562019035220146,
      0.06420916318893433,
      0.012823056429624557,
      0.015658963471651077,
      0.08155310899019241,
      -0.029625557363033295,
      0.03336743637919426,
      -0.02094380185008049,
      0.032617442309856415,
      -0.003964713774621487,
      -0.010020107962191105,
      -0.005784420296549797,
      0.0007894855225458741,
      -0.049943387508392334,
      0.01105643529444933,
      0.07137177139520645,
      -0.07481184601783752,
      -0.014219885692000389,
      0.099379763007164,
      -0.03559170663356781,
      0.09924189001321793,
      -0.031453341245651245,
      -0.005289796739816666,
      -0.03579453006386757,
      0.053298819810152054,
      -0.01414120476692915,
      0.03726676106452942,
      0.0014984722947701812,
      -0.06684638559818268,
      0.0407489538192749,
      -0.019368920475244522,
      -0.012256210669875145,
      0.008786376565694809,
      0.07177817076444626,
      -0.02982122078537941,
      -0.0026442657690495253,
      -0.03514009714126587,
      -0.016434889286756516,
      -0.021368421614170074,
      -0.07198239862918854,
      0.02645297907292843,
      0.0035920143127441406,
      -0.009734257124364376,
      0.018577050417661667,
      0.015530210919678211,
      0.011065641418099403,
      0.05038052424788475,
      0.08621376752853394,
      -0.10281487554311752,
      -0.06506019830703735,
      -0.01704648695886135,
      -0.053546980023384094,
      0.027116214856505394,
      0.04175475612282753,
      -0.013360378332436085,
      -0.03517811745405197,
      0.01654830202460289,
      -0.06441330909729004,
      -0.023451320827007294,
      0.07427006959915161,
      -0.07943762838840485,
      0.06104528531432152,
      0.009385952726006508,
      -0.03594313561916351,
      -0.043095510452985764,
      -0.01160508580505848,
      -0.015254114754498005,
      -0.05540567263960838,
      -0.041626401245594025,
      0.011751729995012283,
      0.02293199673295021,
      -0.00829645711928606,
      -0.06076284870505333,
      -0.026363030076026917,
      -0.07809609174728394,
      -0.01372088398784399,
      0.0001473010634072125,
      0.043770596385002136,
      -0.03397104889154434,
      0.021510062739253044,
      0.035609740763902664,
      0.08191194385290146,
      0.021231630817055702,
      0.002988698659464717,
      0.012438607402145863,
      0.046434685587882996,
      -0.03879730403423309,
      0.034053508192300797,
      -0.007352032698690891,
      -0.0220472514629364,
      -0.0046692597679793835,
      -0.06264003366231918,
      0.058347102254629135,
      -0.004499127622693777,
      -0.06555823981761932,
      -0.015983283519744873,
      0.10953211039304733,
      -0.037310633808374405,
      0.025753969326615334,
      0.006074683275073767,
      0.028548957780003548,
      -0.041813477873802185,
      -0.03569088503718376,
      -0.07855343818664551,
      0.033977214246988297,
      -0.01596442423760891,
      0.02954438142478466,
      -0.02566841058433056,
      -0.03711311146616936,
      0.03855855390429497,
      0.03129867836833,
      0.003036116249859333,
      0.061466995626688004,
      0.001532051945105195,
      -0.025204287841916084,
      0.0022430983372032642,
      0.048059623688459396,
      -0.05520151928067207,
      -0.018201854079961777,
      -0.01323661021888256,
      -0.0016185748390853405,
      -0.04182809963822365,
      0.023444484919309616,
      -0.06239314377307892,
      0.031026732176542282,
      0.013314210809767246,
      -0.030654242262244225,
      -0.08487939834594727,
      0.011647514067590237,
      -0.06148877739906311,
      -0.049227871000766754,
      0.0459509901702404,
      0.0023617849219590425,
      -0.032232049852609634,
      0.018663357943296432,
      0.07864005118608475,
      0.05989758297801018,
      -0.03182060271501541,
      -0.09531434625387192,
      -0.05571407452225685,
      0.10075726360082626,
      0.013056065887212753,
      0.00807623378932476,
      -0.07243511825799942,
      -0.0030865673907101154,
      -0.02828756719827652,
      -0.03548971563577652,
      -0.02086750604212284,
      -0.013193855993449688,
      -0.04556238651275635,
      0.0638490691781044,
      -0.007760918699204922,
      -0.04698905348777771,
      0.029874758794903755,
      0.02061719447374344,
      0.04028069227933884,
      -0.028069771826267242,
      -0.0009360298863612115,
      -0.039455000311136246,
      -0.04598894715309143,
      -0.005179172847419977,
      0.007839920930564404,
      0.06268424540758133,
      0.030968517065048218,
      -0.003273750888183713,
      -0.03438667580485344,
      -0.026309087872505188,
      0.028819283470511436,
      0.04243817552924156,
      -0.0026342016644775867,
      -0.07691247016191483,
      -0.019867457449436188,
      0.03503931686282158,
      0.031649399548769,
      -0.011395735666155815,
      0.04953693598508835,
      0.013066519983112812,
      0.07564448565244675,
      -0.07141935080289841,
      -0.01734386570751667,
      -0.0931374803185463,
      -0.04773247241973877,
      -0.031636036932468414,
      -0.018777521327137947,
      0.0017172573134303093,
      -0.017275359481573105,
      -0.0007548114517703652,
      -0.041986316442489624,
      0.012020602822303772,
      -0.05298307165503502,
      -0.004605771042406559,
      -0.05935687944293022,
      0.04207876697182655,
      0.027941981330513954,
      -0.0015689049614593387,
      0.009395314380526543,
      0.06610625237226486,
      0.007424393203109503,
      -0.030736669898033142,
      -0.04385339841246605,
      0.046143487095832825,
      0.00210762582719326,
      0.011001595295965672,
      -0.05092918127775192,
      0.01310302410274744,
      0.0802348330616951,
      0.01914304867386818,
      0.012104656547307968,
      0.040309663861989975,
      -0.06476125866174698,
      0.008361845277249813,
      -0.020690923556685448,
      0.05304400995373726,
      0.05499352887272835,
      0.059165265411138535,
      -0.01416921615600586,
      0.02730669640004635,
      0.02914302609860897,
      -0.005073917098343372,
      0.054029569029808044,
      0.01900789514183998,
      0.0268184132874012,
      0.013316026888787746,
      -0.022705545648932457,
      -0.0026169084012508392,
      -0.010851800441741943,
      0.07094158232212067,
      -0.007196611259132624,
      0.036972418427467346,
      -0.03647812455892563,
      -0.02406483143568039,
      -0.02267957665026188,
      -0.03682633489370346,
      0.006106949411332607,
      0.06390704959630966,
      -0.057789623737335205,
      -0.05661885440349579,
      0.02701142244040966,
      0.013168360106647015,
      -0.09325486421585083,
      -0.03555341064929962,
      0.040132466703653336,
      0.05244510620832443,
      0.044476356357336044,
      -0.02530451864004135,
      0.048814479261636734,
      -0.02307155914604664,
      -0.05532056838274002,
      0.010726296342909336,
      0.007759877946227789,
      0.06066541001200676,
      0.04849857836961746,
      -0.028730368241667747,
      -0.06331078708171844,
      0.0180409774184227,
      -0.0021738712675869465,
      -0.03381575644016266,
      -0.004887002520263195,
      0.015975521877408028,
      -0.049389008432626724,
      -0.011737125925719738,
      -0.009479864500463009,
      0.02296990528702736,
      0.02478019893169403,
      0.01276320219039917,
      -0.026779552921652794,
      0.05357525870203972,
      -0.02353486977517605,
      0.012899473309516907,
      -0.001970023848116398,
      -0.037735916674137115,
      -0.02001846767961979,
      0.025188345462083817,
      -0.001356881344690919,
      -0.048763856291770935,
      -0.04444262012839317,
      -0.028567267581820488,
      -3.0595627322327346e-05,
      -0.010500744916498661,
      -0.019178584218025208,
      -0.03395316004753113,
      0.0062471553683280945,
      0.01474060770124197,
      -0.052308712154626846,
      0.04542694613337517,
      0.06536336243152618,
      0.030492020770907402,
      0.04264995455741882,
      -0.0905456617474556,
      0.02060597762465477,
      0.047662340104579926,
      -0.04902733489871025,
      0.014778080396354198,
      0.023166000843048096,
      -0.03521161526441574,
      0.01775270700454712,
      0.045758917927742004,
      -0.017207607626914978,
      -0.05538322404026985,
      -0.036213625222444534,
      -0.023648662492632866,
      0.010908017866313457,
      0.05727006122469902,
      0.02308306284248829,
      0.004373706411570311,
      0.050775833427906036,
      -0.14707957208156586,
      0.05479266494512558,
      -0.009012021124362946,
      -0.09246747940778732,
      0.05803070217370987,
      0.010510141029953957,
      -0.08092115074396133,
      0.001869436353445053,
      0.011740180663764477,
      0.018152514472603798,
      -0.028025813400745392,
      0.06547699868679047,
      0.019109949469566345,
      0.014598899520933628,
      -0.008999981917440891,
      0.01886231079697609,
      0.12379493564367294,
      0.084858238697052,
      -0.011869450099766254,
      -0.008822585456073284,
      0.134987011551857,
      0.03554174304008484,
      -0.034326113760471344,
      0.027585536241531372,
      -0.06121525168418884,
      0.0027031349018216133,
      -0.02142203599214554,
      -0.00140080985147506,
      -0.0144653907045722,
      0.015216793864965439,
      0.002164060715585947,
      -0.07006517797708511,
      0.050077684223651886,
      0.021466422826051712,
      -0.05142935737967491,
      -0.007731657009571791,
      -0.027125727385282516,
      0.04272148013114929,
      0.0223372932523489,
      0.06268694251775742,
      -0.023524565622210503,
      0.05136701464653015,
      0.0025453148409724236,
      -0.07986124604940414,
      0.024172084406018257,
      0.02465829625725746,
      -0.05468354374170303,
      0.046475328505039215,
      0.02616170234978199,
      0.04087025672197342,
      0.006337254773825407,
      -0.006338026374578476,
      0.015895681455731392,
      0.007001063320785761,
      -0.03375948220491409,
      0.015388812869787216,
      -0.06576936691999435,
      0.040391676127910614,
      -0.06344019621610641,
      -0.04529612138867378,
      0.013674706220626831,
      0.029088184237480164,
      0.014702706597745419,
      0.03188091516494751,
      -0.05915403738617897,
      -0.08760156482458115,
      0.04560503363609314
    ],
    "metadata": {
      "source": "WhatsApp Image 2025-11-12 at 17.13.31_45844004.jpg"
    }
  },
  {
    "person_id": "1MV23AI006",
    "embedding": [
      -0.01201016828417778,
      -0.04366893321275711,
      -0.07471539825201035,
      -0.010556957684457302,
      0.028451429679989815,
      -0.04409690573811531,
      0.09442628175020218,
      0.02609493024647236,
      -0.014931447803974152,
      0.021293802186846733,
      0.017955906689167023,
      -0.0020265565253794193,
      0.0778314620256424,
      -0.03185407072305679,
      0.04206155985593796,
      0.007391009014099836,
      -0.03846859931945801,
      0.02825877070426941,
      0.03523716703057289,
      0.0766676515340805,
      0.014627019874751568,
      0.028491239994764328,
      -0.04281275346875191,
      -0.08850861340761185,
      0.051287874579429626,
      -0.027834106236696243,
      -0.026483876630663872,
      -0.05620196834206581,
      0.06539251655340195,
      -0.03934759646654129,
      -0.0007703856681473553,
      0.0068081943318247795,
      -0.028906138613820076,
      0.01028016023337841,
      0.03442443162202835,
      -0.004274171311408281,
      -0.030261509120464325,
      0.024387013167142868,
      0.004505549091845751,
      -0.0008887728326953948,
      -0.002119780983775854,
      -0.023231899365782738,
      -0.01573888026177883,
      -0.03858381137251854,
      -0.08111056685447693,
      0.036671705543994904,
      -0.058747999370098114,
      -0.06627881526947021,
      0.002538215136155486,
      -0.01960744708776474,
      0.0033239179756492376,
      -0.10980347543954849,
      -0.0270528607070446,
      0.04013209044933319,
      -0.04217696189880371,
      -0.07051302492618561,
      0.023959072306752205,
      0.032559994608163834,
      -0.0667942613363266,
      -0.013801133260130882,
      0.02977355383336544,
      0.045000627636909485,
      -0.044748373329639435,
      0.023184381425380707,
      -0.03755003213882446,
      -0.04545579478144646,
      0.0068626306019723415,
      -0.1386839747428894,
      -0.02544957399368286,
      -0.012328130193054676,
      -0.08958401530981064,
      -0.03547918051481247,
      -0.006781900301575661,
      -0.07619897276163101,
      0.0468023382127285,
      -0.003022007877007127,
      0.021228685975074768,
      0.010217661038041115,
      0.017592893913388252,
      -0.016475213691592216,
      -0.023064998909831047,
      -0.02630879543721676,
      -0.028955794870853424,
      -0.11303535848855972,
      0.04273255169391632,
      0.014651140198111534,
      -0.012296882458031178,
      0.04137766733765602,
      -0.06737580895423889,
      0.059613823890686035,
      0.017005369067192078,
      -0.039200495928525925,
      -0.012156338430941105,
      0.00418113311752677,
      0.040611185133457184,
      -0.03250221535563469,
      0.061241306364536285,
      -0.03247775509953499,
      -0.1090337410569191,
      0.05566124990582466,
      -0.05099663510918617,
      -0.03675628453493118,
      0.11524088680744171,
      0.03573901206254959,
      -0.02314809523522854,
      -0.11137948930263519,
      0.001368869561702013,
      0.029031425714492798,
      0.0001764379267115146,
      0.09905722737312317,
      -0.07931867241859436,
      -0.014940034598112106,
      0.026034025475382805,
      -0.08444046229124069,
      -0.05514516681432724,
      -0.09528864920139313,
      -0.05021725222468376,
      0.06437946110963821,
      -0.04131338372826576,
      0.05547471344470978,
      -0.010521241463720798,
      -0.04359247162938118,
      -0.03790625184774399,
      0.03313826397061348,
      -0.03408459946513176,
      -0.01785162463784218,
      0.04257964715361595,
      -0.08426614105701447,
      -0.053936801850795746,
      0.015351766720414162,
      0.03596707805991173,
      -0.012006217613816261,
      0.011247904971241951,
      0.00611206516623497,
      0.027608156204223633,
      0.05733635649085045,
      0.15852025151252747,
      0.07585626095533371,
      -0.02417406626045704,
      -0.008810150437057018,
      0.035910386592149734,
      -0.01064165960997343,
      -0.006153890863060951,
      0.08673720061779022,
      -0.02583155781030655,
      0.01304660551249981,
      -0.021671202033758163,
      -0.006447261665016413,
      0.0028855528216809034,
      -0.019837483763694763,
      0.016754642128944397,
      0.008203613571822643,
      -0.04614505544304848,
      -0.02448420785367489,
      0.0902194157242775,
      -0.0675399973988533,
      -0.025350503623485565,
      0.09899293631315231,
      -0.021657448261976242,
      0.13195429742336273,
      -0.02830560877919197,
      -0.042275570333004,
      0.0025600246153771877,
      0.029759569093585014,
      -0.037099432200193405,
      0.030669137835502625,
      -0.0206192284822464,
      -0.07689372450113297,
      0.07690789550542831,
      0.012454711832106113,
      -0.020997917279601097,
      0.01090852078050375,
      0.06643512099981308,
      -0.01888173446059227,
      -0.009194874204695225,
      -0.033434975892305374,
      0.0011242441833019257,
      -0.03756270185112953,
      -0.04372406378388405,
      0.0014625928597524762,
      -0.010907452553510666,
      0.005783323664218187,
      -0.02414117194712162,
      0.025015566498041153,
      0.00894147902727127,
      0.04275450482964516,
      0.11842324584722519,
      -0.07729114592075348,
      -0.033526502549648285,
      -0.001474288059398532,
      -0.039110708981752396,
      0.024808479472994804,
      0.0283815898001194,
      0.0031234854832291603,
      0.0026686813216656446,
      0.034586433321237564,
      -0.06333044916391373,
      0.0011406100820749998,
      0.05012407898902893,
      -0.06552289426326752,
      0.060204993933439255,
      0.010955814272165298,
      -0.016960136592388153,
      -0.042575396597385406,
      -0.04325632378458977,
      0.02990417182445526,
      -0.020631063729524612,
      0.009703871794044971,
      0.03132978081703186,
      0.02198093570768833,
      -0.04391857981681824,
      -0.06291089951992035,
      -0.039390116930007935,
      -0.06332810968160629,
      -0.013451422564685345,
      -0.023917466402053833,
      -0.002565411850810051,
      -0.01103728823363781,
      0.008305523544549942,
      0.07026445120573044,
      0.049773987382650375,
      0.048700444400310516,
      -0.011207898147404194,
      0.034329500049352646,
      0.024396471679210663,
      -0.05152249336242676,
      0.0348406620323658,
      -0.04956280440092087,
      -0.056659042835235596,
      0.007337725721299648,
      -0.06911952793598175,
      0.04053910821676254,
      -0.008333971723914146,
      -0.05902760475873947,
      -0.056908827275037766,
      0.07407725602388382,
      0.015692560002207756,
      -0.00556735647842288,
      -0.019271979108452797,
      0.011547641828656197,
      -0.04958495497703552,
      -0.027124004438519478,
      -0.08092239499092102,
      0.03285757824778557,
      -0.04417993500828743,
      0.01176516618579626,
      -0.02354038879275322,
      -0.0555957593023777,
      0.005402646493166685,
      0.06261800229549408,
      0.0063859703950583935,
      0.04705435782670975,
      -0.015773560851812363,
      -0.03883165493607521,
      -0.028435226529836655,
      0.05707601085305214,
      -0.03413904458284378,
      0.004917706362903118,
      0.014488587155938148,
      -0.013207447715103626,
      -0.027015283703804016,
      0.05786123871803284,
      -0.05364692211151123,
      0.040884654968976974,
      0.06477422267198563,
      0.008329624310135841,
      -0.04974915832281113,
      0.019864963367581367,
      -0.05118589103221893,
      -0.05260620266199112,
      0.01446001697331667,
      -0.03703421726822853,
      -0.034358978271484375,
      0.013595513999462128,
      0.05154792219400406,
      0.05969939008355141,
      -0.01043821033090353,
      -0.09763522446155548,
      -0.03971629962325096,
      0.0878744125366211,
      -0.009167779237031937,
      0.0604543574154377,
      -0.0640120729804039,
      -0.0022198983933776617,
      -0.027481606230139732,
      -0.040628377348184586,
      -0.04325885698199272,
      0.012329802848398685,
      0.014526046812534332,
      0.047695234417915344,
      0.00785366352647543,
      -0.06312475353479385,
      0.020158296450972557,
      0.02769363485276699,
      0.003293250920251012,
      -0.03043392300605774,
      0.0390944629907608,
      -0.023688053712248802,
      -0.04946958273649216,
      0.003484992543235421,
      -0.022546814754605293,
      0.04682214558124542,
      0.03453407436609268,
      -0.011686185374855995,
      -0.04991982504725456,
      -0.010070265270769596,
      0.009380608797073364,
      0.021740470081567764,
      -0.01261640340089798,
      -0.08997038006782532,
      -0.02093040943145752,
      0.06717808544635773,
      0.025309976190328598,
      -0.012638424523174763,
      0.013121087104082108,
      0.0015493305400013924,
      0.036172833293676376,
      -0.058770786970853806,
      -0.021800972521305084,
      -0.08094693720340729,
      -0.031572166830301285,
      -0.03250822797417641,
      -0.03420734032988548,
      0.003404382849112153,
      -0.013884969986975193,
      0.0004976243944838643,
      -0.03743033483624458,
      -0.003324764082208276,
      -0.07586732506752014,
      -0.021061748266220093,
      -0.03396691381931305,
      0.046604521572589874,
      -0.00022477106540463865,
      -0.038890570402145386,
      -0.021833306178450584,
      0.0440744012594223,
      0.026137398555874825,
      -0.06110510230064392,
      -0.040111541748046875,
      0.014731853269040585,
      0.018558192998170853,
      0.03199370205402374,
      -0.037583641707897186,
      0.004279742948710918,
      0.027723921462893486,
      0.0023001772351562977,
      0.00561445252969861,
      0.000298045837553218,
      -0.08814167976379395,
      0.016566630452871323,
      -0.017493631690740585,
      0.08523634076118469,
      0.04095527529716492,
      0.027797052636742592,
      -0.008059884421527386,
      0.005594970192760229,
      0.04242314025759697,
      0.03835296630859375,
      0.04799565672874451,
      -0.028245218098163605,
      0.009688419289886951,
      0.011572320945560932,
      0.0005488611641339958,
      0.01016890350729227,
      0.01482425257563591,
      0.05457000434398651,
      0.01786918006837368,
      0.02838643454015255,
      -0.037974584847688675,
      -0.0177086740732193,
      -0.02445315383374691,
      -0.08209250122308731,
      -0.005417365115135908,
      0.06562647968530655,
      -0.04570542648434639,
      -0.06317631155252457,
      0.014968685805797577,
      0.03925216943025589,
      -0.09355416893959045,
      -0.024986913427710533,
      0.05621137470006943,
      0.030268659815192223,
      0.05400114879012108,
      -0.0065581658855080605,
      0.0565682053565979,
      -0.05655214190483093,
      -0.05927435681223869,
      0.023404570296406746,
      -0.009953845292329788,
      0.051114436239004135,
      0.0720805674791336,
      -0.05652644857764244,
      -0.057786617428064346,
      0.011458374559879303,
      0.008248476311564445,
      -0.011301088146865368,
      -0.014753879979252815,
      0.02350449003279209,
      -0.047373320907354355,
      0.006067371927201748,
      -0.05469430983066559,
      0.008177670650184155,
      0.001378035289235413,
      0.008784977719187737,
      -0.0223704781383276,
      0.09839142113924026,
      -0.014270149171352386,
      -0.014740330167114735,
      0.015755662694573402,
      -0.05625252053141594,
      -0.009926632046699524,
      0.018115542829036713,
      0.0009191902936436236,
      -0.07737261801958084,
      -0.021566074341535568,
      0.0027180498000234365,
      0.021866051480174065,
      0.0008175685652531683,
      -0.025468973442912102,
      -0.05879666656255722,
      -0.014496992342174053,
      0.0038906720001250505,
      -0.016835801303386688,
      0.04898911342024803,
      0.03376547247171402,
      0.061276454478502274,
      0.02209814451634884,
      -0.056213103234767914,
      0.024191714823246002,
      0.03319944068789482,
      -0.03434106707572937,
      0.016759231686592102,
      0.020972229540348053,
      -0.025906560942530632,
      0.03967053443193436,
      0.05710923299193382,
      -0.01304568536579609,
      -0.054942406713962555,
      -0.03623879328370094,
      -0.040945298969745636,
      0.01357843354344368,
      0.03313721716403961,
      0.0042642694897949696,
      0.010718053206801414,
      0.016355982050299644,
      -0.0934668704867363,
      0.0580836646258831,
      0.0019149761646986008,
      -0.08861127495765686,
      0.03768772631883621,
      0.02229197323322296,
      -0.06361772865056992,
      -0.020924797281622887,
      -0.0116499662399292,
      0.0272628515958786,
      -0.04670635983347893,
      0.07871361076831818,
      0.025417407974600792,
      0.004606945905834436,
      -0.0032822848297655582,
      0.010618364438414574,
      0.12489547580480576,
      0.08434908092021942,
      0.010825039818882942,
      0.0007758539286442101,
      0.13231883943080902,
      -0.0020779843907803297,
      -0.0298316553235054,
      0.0315069817006588,
      -0.05257578194141388,
      -0.011105356737971306,
      -0.040974125266075134,
      -0.0007847523665986955,
      -0.0077332607470452785,
      0.03102021850645542,
      -0.019255442544817924,
      -0.052445586770772934,
      0.0549810528755188,
      0.013471276499330997,
      -0.012769287452101707,
      -0.017955470830202103,
      -0.06592319160699844,
      0.035319734364748,
      0.003858958836644888,
      0.07587014883756638,
      -0.007698487024754286,
      0.01841774582862854,
      -0.020612256601452827,
      -0.05735405161976814,
      0.036904096603393555,
      0.0019940396305173635,
      -0.0760718584060669,
      0.02950538694858551,
      0.01252119243144989,
      0.00953699927777052,
      -0.014099388383328915,
      0.029247764497995377,
      -0.015771791338920593,
      -0.008710448630154133,
      -0.027313608676195145,
      0.028102051466703415,
      -0.07770644128322601,
      0.027513330802321434,
      -0.04712081700563431,
      -0.061062246561050415,
      0.03950701653957367,
      0.055392712354660034,
      0.00411155866459012,
      0.01664329133927822,
      -0.058255504816770554,
      -0.09054643660783768,
      0.04237057641148567
    ],
    "metadata": {
      "source": "WhatsApp Image 2025-11-12 at 17.13.31_b61fabc1.jpg"
    }
  },
  {
    "person_id": "1MV23AI048",
    "embedding": [
      0.027570590376853943,
      0.01422608271241188,
      -0.02166888862848282,
      0.003953766077756882,
      -0.029775939881801605,
      0.0184044037014246,
      0.07210862636566162,
      -0.003556824754923582,
      -0.0560024157166481,
      0.009440806694328785,
      0.06612805277109146,
      0.01091197319328785,
      0.035522520542144775,
      8.511779742548242e-05,
      0.060142017900943756,
      0.0192192904651165,
      0.026109933853149414,
      0.07363369315862656,
      0.026433836668729782,
      0.025909481570124626,
      -0.013245710171759129,
      -0.031830038875341415,
      -0.006935842800885439,
      -0.012297557666897774,
      0.03170182928442955,
      -0.0034456527791917324,
      -0.05811862647533417,
      -0.017652414739131927,
      0.04136652126908302,
      -0.016775114461779594,
      -0.016963163390755653,
      0.011763240210711956,
      -0.040466293692588806,
      0.02598540671169758,
      0.001248864340595901,
      -0.006553250830620527,
      -0.012515628710389137,
      0.013410336337983608,
      0.020193014293909073,
      0.02985331602394581,
      -0.00466057239100337,
      -0.07126658409833908,
      -0.025396758690476418,
      0.010104343295097351,
      -0.017038872465491295,
      0.00025653469492681324,
      -0.05540863052010536,
      -0.01581057719886303,
      0.03767845407128334,
      0.020404715090990067,
      -0.022971242666244507,
      -0.05517666041851044,
      -0.023647723719477654,
      0.04224948585033417,
      0.00803670845925808,
      -0.04854211583733559,
      -0.01942318119108677,
      0.04321787878870964,
      -0.01819370687007904,
      0.030155405402183533,
      0.0252063125371933,
      0.05180296301841736,
      -0.026226814836263657,
      0.008561276830732822,
      0.0004084577376488596,
      -0.030639858916401863,
      -0.024314338341355324,
      -0.08663834631443024,
      -0.021698568016290665,
      0.01271485723555088,
      -0.047522589564323425,
      0.01477920450270176,
      -0.027219654992222786,
      -0.032134708017110825,
      0.028921466320753098,
      -0.010370036587119102,
      0.003831105539575219,
      -0.0011885665589943528,
      0.021282274276018143,
      -0.0415504015982151,
      -0.05273084715008736,
      -0.01558760553598404,
      -0.07974345237016678,
      -0.07209815084934235,
      0.027790378779172897,
      -0.014637662097811699,
      0.009869294241070747,
      0.05505228787660599,
      -0.02417810633778572,
      -0.0015625962987542152,
      0.009231079369783401,
      -0.04086063429713249,
      -0.04508793726563454,
      0.007236666511744261,
      0.05975537374615669,
      -0.05219914764165878,
      0.014789879322052002,
      -0.03330351412296295,
      -0.07838189601898193,
      0.09510265290737152,
      -0.034398991614580154,
      -0.02739729918539524,
      0.029914673417806625,
      -0.013870232738554478,
      -0.012354678474366665,
      -0.06000814586877823,
      -0.003947736695408821,
      0.03638256713747978,
      -0.034327682107686996,
      0.03879561647772789,
      -0.057678475975990295,
      -0.031839024275541306,
      -0.009219874627888203,
      -0.041098061949014664,
      -0.047180742025375366,
      -0.059784892946481705,
      -0.003383686998859048,
      0.0037785202730447054,
      -0.1217157244682312,
      -0.0009806444868445396,
      -0.014101571403443813,
      0.059874869883060455,
      -0.009046321734786034,
      0.02787921391427517,
      -0.04085249826312065,
      -0.02423873543739319,
      -0.01200722437351942,
      -0.03104758821427822,
      0.010777306742966175,
      0.03885238245129585,
      -0.03888564929366112,
      -0.0689384713768959,
      0.06014642119407654,
      0.010701747611165047,
      -0.00807824544608593,
      0.019728368148207664,
      0.08957693725824356,
      0.04361480101943016,
      0.014670053496956825,
      0.0029811086133122444,
      0.10110735148191452,
      -0.035192523151636124,
      0.034038323909044266,
      0.03663540259003639,
      -0.06641232967376709,
      0.03694271668791771,
      -0.012384066358208656,
      -0.0010859791655093431,
      0.029890501871705055,
      0.005371135659515858,
      0.04423379525542259,
      0.0008810365688987076,
      -0.0452737882733345,
      -0.02144291065633297,
      0.09229282289743423,
      -0.06742844730615616,
      -0.0645458921790123,
      0.07183972746133804,
      0.009381260722875595,
      0.07643356919288635,
      -0.055058859288692474,
      -0.019110431894659996,
      -0.0024761497043073177,
      0.13750848174095154,
      -0.0062608905136585236,
      0.018439050763845444,
      -0.01382075622677803,
      -0.020192760974168777,
      0.03457445278763771,
      0.03911552578210831,
      -0.011603145860135555,
      0.031185181811451912,
      0.0034118150360882282,
      -0.011306287720799446,
      -0.019997183233499527,
      -0.013428096659481525,
      0.002840939909219742,
      0.03834912180900574,
      -0.033536944538354874,
      0.03331838548183441,
      -0.059815261512994766,
      -0.01834205351769924,
      0.02114609070122242,
      0.0029674107208848,
      -0.013566830195486546,
      -0.06519987434148788,
      0.09663593769073486,
      -0.041901327669620514,
      -0.033913493156433105,
      -0.010937074199318886,
      0.023098202422261238,
      0.0470849871635437,
      0.07157675921916962,
      -0.033275481313467026,
      -0.05984646826982498,
      0.016903577372431755,
      -0.06680463254451752,
      -0.04543132707476616,
      0.028840284794569016,
      -0.06971343606710434,
      0.11175277829170227,
      0.03916369751095772,
      0.049670521169900894,
      -0.014997212216258049,
      0.03932720422744751,
      -0.002845840062946081,
      -0.055466409772634506,
      -0.009161720983684063,
      -0.044360920786857605,
      -0.0010663719149306417,
      -0.05026746541261673,
      -0.10337334871292114,
      -0.008172188885509968,
      -0.012188331224024296,
      -0.012461177073419094,
      -0.045107483863830566,
      0.06564228981733322,
      -0.02907712385058403,
      -0.009990978054702282,
      0.07763399928808212,
      0.030748775228857994,
      0.025041457265615463,
      0.023717720061540604,
      -0.008785247802734375,
      0.019324317574501038,
      -0.024749549105763435,
      0.07627030462026596,
      0.03705775365233421,
      -0.10819802433252335,
      0.02488556131720543,
      -0.040211860090494156,
      0.05794699490070343,
      -0.051790229976177216,
      -0.07710307091474533,
      -0.010193354450166225,
      0.07988981157541275,
      0.02240097150206566,
      0.054351650178432465,
      0.01952238380908966,
      -0.02231023833155632,
      -0.10510629415512085,
      -0.006050182972103357,
      0.013558337464928627,
      0.08036559820175171,
      0.04237566143274307,
      0.008390537463128567,
      0.033700909465551376,
      -0.05261131376028061,
      0.030799200758337975,
      0.07669244706630707,
      -0.02000228501856327,
      0.05425691232085228,
      0.005656704306602478,
      0.01062123291194439,
      -0.06268789619207382,
      0.01963045820593834,
      -0.03720160573720932,
      0.03774215653538704,
      -0.02492600865662098,
      0.031569868326187134,
      0.005112643353641033,
      0.02503981441259384,
      -0.003849910805001855,
      0.006706219632178545,
      -0.005274164956063032,
      -0.06766048073768616,
      -0.050806812942028046,
      -0.02922234684228897,
      -0.06847484409809113,
      -0.055775661021471024,
      0.015806876122951508,
      -0.04448513686656952,
      -0.020677490159869194,
      0.08182817697525024,
      -0.0023631334770470858,
      -0.010582772083580494,
      -0.08090315014123917,
      -0.11769409477710724,
      -0.005070103798061609,
      0.046336911618709564,
      -0.04351327568292618,
      0.03650452196598053,
      -0.1257805973291397,
      -0.024551181122660637,
      -0.007706915028393269,
      -0.019590627402067184,
      -0.035908374935388565,
      0.013203663751482964,
      -0.0308817308396101,
      0.007732760161161423,
      -0.00897936336696148,
      0.010152371600270271,
      0.0694773718714714,
      0.03589034080505371,
      0.07209999859333038,
      -0.04742128401994705,
      0.0022298002149909735,
      -0.026333091780543327,
      -0.01585451327264309,
      -0.025929328054189682,
      0.008523923344910145,
      -0.004328009206801653,
      0.032325100153684616,
      -0.0050196959637105465,
      0.021657655015587807,
      0.01686275191605091,
      -0.005932197440415621,
      0.03951362892985344,
      0.024824507534503937,
      -0.01091208215802908,
      -0.0025467723608016968,
      0.047353509813547134,
      0.04947575181722641,
      0.024982159957289696,
      0.07492097467184067,
      0.025483522564172745,
      0.050928372889757156,
      -0.07508009672164917,
      -0.04188315197825432,
      -0.11588387936353683,
      0.0005298324977047741,
      -0.018856223672628403,
      -0.09912759065628052,
      0.0213388130068779,
      -0.013670837506651878,
      0.05424974858760834,
      -0.06530778110027313,
      0.05179371312260628,
      -0.08074686676263809,
      0.014670268632471561,
      -0.026151958853006363,
      0.0488964281976223,
      -0.07568097114562988,
      -2.490282895450946e-05,
      0.026322200894355774,
      0.051438264548778534,
      0.009641773998737335,
      0.0008725606603547931,
      -0.06552699953317642,
      0.022823691368103027,
      -0.02178317867219448,
      0.009361479431390762,
      0.023940719664096832,
      0.0019373350078240037,
      0.02786845527589321,
      0.017457066103816032,
      0.03780047222971916,
      0.013707302510738373,
      -0.03777504339814186,
      0.0170377716422081,
      -0.03304464742541313,
      0.0582369863986969,
      -0.0021763963159173727,
      0.04697459936141968,
      0.0018175164004787803,
      0.08491019904613495,
      0.10879887640476227,
      0.018941305577754974,
      0.06575632840394974,
      -0.03156652674078941,
      -0.04465891793370247,
      0.03394719958305359,
      -0.00922334659844637,
      -0.016404006630182266,
      -0.058566849678754807,
      0.06188350170850754,
      -0.008223705925047398,
      0.05030054599046707,
      -0.03629397600889206,
      -0.006426726467907429,
      -0.006861983332782984,
      -0.02219807542860508,
      0.03193999454379082,
      0.048550620675086975,
      -0.02483501471579075,
      0.027593405917286873,
      0.031123420223593712,
      0.0411042757332325,
      -0.05284285545349121,
      -0.08842122554779053,
      0.033297087997198105,
      0.03890256583690643,
      0.011051568202674389,
      0.038820985704660416,
      0.12500593066215515,
      -0.06607311218976974,
      -0.05568300187587738,
      0.0030933604575693607,
      -0.059212904423475266,
      0.012170101515948772,
      0.07603979855775833,
      -0.002427310450002551,
      -0.0022711826022714376,
      0.02016625367105007,
      -0.058766141533851624,
      -0.05947951227426529,
      -0.0478028878569603,
      -0.0007159977103583515,
      -0.09252623468637466,
      0.0680784285068512,
      -0.0003865596081595868,
      0.01792587898671627,
      0.03945806249976158,
      0.020535467192530632,
      -0.07443797588348389,
      0.006514783017337322,
      0.058081574738025665,
      -0.05843767151236534,
      0.03876033052802086,
      0.021151704713702202,
      0.009957518428564072,
      0.04240750893950462,
      -0.047047682106494904,
      -0.053115446120500565,
      0.01188578549772501,
      -0.010020988062024117,
      -0.012578672729432583,
      -0.011460152454674244,
      0.02935384400188923,
      -0.0639398843050003,
      0.046242646872997284,
      -0.033499497920274734,
      -0.07321862131357193,
      0.03165352717041969,
      0.04170263931155205,
      0.04338528588414192,
      0.10226424038410187,
      -0.00780675932765007,
      0.02809651754796505,
      0.023041870445013046,
      -0.010393770411610603,
      0.054979413747787476,
      -0.010187310166656971,
      -0.11463773995637894,
      0.06213228031992912,
      0.09479264914989471,
      -0.0399765707552433,
      -0.1020999550819397,
      -0.0003218941856175661,
      -0.03916193172335625,
      0.009838463738560677,
      0.05846225842833519,
      0.0024872072972357273,
      0.02631506137549877,
      -0.015639493241906166,
      -0.0934881940484047,
      0.05980043113231659,
      0.04266994073987007,
      -0.07115621864795685,
      0.04032032564282417,
      0.017872929573059082,
      -0.04711450636386871,
      -0.036185771226882935,
      -0.01723591238260269,
      0.028324201703071594,
      -0.03150848299264908,
      0.007796281948685646,
      0.059039514511823654,
      0.01605883054435253,
      -0.005744752008467913,
      -0.036793023347854614,
      0.1244688481092453,
      0.06823065131902695,
      0.05474186688661575,
      -0.04318694770336151,
      0.05349100008606911,
      0.0319644920527935,
      0.007109140977263451,
      0.0449296273291111,
      -0.03134464472532272,
      0.00865139439702034,
      -0.05037704482674599,
      0.047947295010089874,
      -0.057683829218149185,
      -0.0011342382058501244,
      -0.030982891097664833,
      -0.06371666491031647,
      0.0887681394815445,
      -0.013606932014226913,
      -0.04842633754014969,
      -0.041943226009607315,
      -0.04056762158870697,
      0.05990630015730858,
      0.03507005423307419,
      0.014264657162129879,
      0.016868794336915016,
      -0.024817219004034996,
      0.0011649223743006587,
      -0.0307298731058836,
      -0.014231267385184765,
      -0.027015065774321556,
      -0.02154448814690113,
      -0.056502681225538254,
      -0.034592170268297195,
      0.017415154725313187,
      -0.05017751082777977,
      0.004903955385088921,
      0.0316830612719059,
      -0.021469801664352417,
      -0.010126465931534767,
      0.022448262199759483,
      -0.008921152912080288,
      0.01987364888191223,
      -0.04166508838534355,
      -0.05340678617358208,
      0.0150695089250803,
      0.007686769589781761,
      0.06298571079969406,
      -0.015422007068991661,
      -0.020210981369018555,
      -0.09840808063745499,
      0.006196891888976097
    ],
    "metadata": {
      "source": "WhatsApp Image 2025-11-12 at 17.15.17_68b40222.jpg"
    }
  }
]